1 2149 2144 2217 2242 2571 1927 1 300
1 2217 2242 2495 2397 2571 1927 1 1600
1 2495 2397 2902 2803 2405 2893 0 1600
1 2902 2803 3296 3196 3372 2727 1 1600
1 3296 3196 3701 3602 3205 3692 0 1600
1 3701 3602 4108 4009 4198 3512 1 1600
1 4108 4009 4502 4403 4032 4479 0 1600
1 4502 4403 4908 4808 4997 4312 1 1600
1 4908 4808 5302 5203 4831 5279 0 1600
1 5302 5203 5695 5596 5771 5126 1 1600
1 5695 5596 6101 6002 5604 6092 0 1600
1 6101 6002 6495 6396 6571 5926 1 1600
1 6495 6396 6901 6802 6404 6892 0 1600
1 6901 6802 7307 7208 7397 6711 1 1600
1 7307 7208 7701 7602 7231 7678 0 1600
1 7701 7602 8107 8008 8197 7512 1 1600
1 8107 8008 8500 8401 8031 8478 0 1600
1 8500 8401 8895 8796 8971 8326 1 1600
1 8895 8796 9301 9202 8804 9291 0 1600
1 9301 9202 9694 9595 9770 9125 1 1600
1 9694 9595 10101 10002 9604 10092 0 1600
1 10101 10002 10507 10408 10597 9911 1 1600
1 10507 10408 10900 10801 10431 10877 0 1600
1 10900 10801 11307 11208 11397 10711 1 1600
1 11307 11208 11700 11601 11231 11678 0 1600
1 11700 11601 12094 11995 12170 11525 1 1600
1 12094 11995 12500 12401 12003 12491 0 1600
1 12500 12401 12893 12794 12969 12325 1 1600
1 12893 12794 13299 13201 12803 13291 0 1600
1 13299 13201 13706 13607 13796 13111 1 1600
1 13706 13607 14100 14000 13630 14077 0 1600
1 14100 14000 14506 14407 14596 13910 1 1600
1 14506 14407 14900 14801 14429 14877 0 1600
1 14900 14801 15293 15194 15369 14725 1 1600
1 15293 15194 15699 15601 15202 15691 0 1600
1 15699 15601 16093 15994 16169 15524 1 1600
1 16093 15994 16499 16400 16002 16490 0 1600
1 16499 16400 16905 16806 16995 16309 1 1600
1 16905 16806 17299 17200 16829 17276 0 1600
1 17299 17200 17706 17607 17795 17110 1 1600
1 17706 17607 18099 18000 17629 18076 0 1600
1 18099 18000 18493 18394 18569 17924 1 1600
1 18493 18394 18899 18799 18402 18889 0 1600
1 18899 18799 19293 19194 19369 18723 1 1600
1 19293 19194 19699 19600 19202 19690 0 1100
1 19699 19600 19293 20006 19202 19509 0 1600
1 19293 20006 18899 20400 19369 20476 1 1600
1 18899 20400 18493 20806 18402 20309 0 1600
1 18493 20806 18099 21199 18569 21275 1 1600
1 18099 21199 17706 21593 17629 21123 0 1600
1 17706 21593 17299 21999 17795 22089 1 1600
1 17299 21999 16905 22392 16829 21923 0 1600
1 16905 22392 16499 22799 16995 22889 1 1600
1 16499 22799 16093 23205 16002 22709 0 1600
1 16093 23205 15699 23599 16169 23675 1 1600
1 15699 23599 15293 24005 15202 23509 0 1600
1 15293 24005 14900 24399 15369 24475 1 500
1 14900 24399 14506 24005 14429 24475 1 1600
1 14506 24005 14100 23599 14596 23509 0 1600
1 14100 23599 13706 23205 13630 23675 1 1600
1 13706 23205 13299 22799 13796 22709 0 1600
1 13299 22799 12893 22392 12803 22889 1 1600
1 12893 22392 12500 21999 12969 21923 0 1600
1 12500 21999 12094 21593 12003 22089 1 1600
1 12094 21593 11700 21199 12170 21123 0 1600
1 11700 21199 11307 20806 11231 21275 1 1600
1 11307 20806 10900 20400 11397 20309 0 1600
1 10900 20400 10507 20006 10431 20476 1 1600
1 10507 20006 10101 19600 10597 19509 0 1600
1 10101 19600 9694 19194 9604 19690 1 1600
1 9694 19194 9301 18799 9770 18723 0 1600
1 9301 18799 8895 18394 8804 18889 1 1600
1 8895 18394 8500 18000 8971 17924 0 1600
1 8500 18000 8107 17607 8031 18076 1 1600
1 8107 17607 7701 17200 8197 17110 0 1600
1 7701 17200 7307 16806 7231 17276 1 1600
1 7307 16806 6901 16400 7397 16309 0 1600
1 6901 16400 6495 15994 6404 16490 1 1600
1 6495 15994 6101 15601 6571 15524 0 1600
1 6101 15601 5695 15194 5604 15691 1 1600
1 5695 15194 5302 14801 5771 14725 0 1600
1 5302 14801 4908 14407 4831 14877 1 1600
1 4908 14407 4502 14000 4997 13910 0 1600
1 4502 14000 4108 13607 4032 14077 1 1600
1 4108 13607 3701 13201 4198 13111 0 1600
1 3701 13201 3296 12794 3205 13291 1 1600
1 3296 12794 2902 12401 3372 12325 0 1600
1 2902 12401 2495 11995 2405 12491 1 1600
1 2495 11995 2102 11601 2571 11525 0 1200
1 2102 11601 2495 11208 2571 11678 0 1600
1 2495 11208 2902 10801 2405 10711 1 1600
1 2902 10801 3296 10408 3372 10877 0 1600
1 3296 10408 3701 10002 3205 9911 1 1600
1 3701 10002 4108 9595 4198 10092 0 1600
1 4108 9595 4502 9202 4032 9125 1 1600
1 4502 9202 4908 8796 4997 9291 0 1600
1 4908 8796 5302 8401 4831 8326 1 1600
1 5302 8401 5695 8008 5771 8478 0 1600
1 5695 8008 6101 7602 5604 7512 1 1600
1 6101 7602 6495 7208 6571 7678 0 1600
1 6495 7208 6901 6802 6404 6711 1 1600
1 6901 6802 7307 6396 7397 6892 0 1600
1 7307 6396 7701 6002 7231 5926 1 1600
1 7701 6002 8107 5596 8197 6092 0 1600
1 8107 5596 8500 5203 8031 5126 1 1600
1 8500 5203 8895 4808 8971 5279 0 1600
1 8895 4808 9301 4403 8804 4312 1 1600
1 9301 4403 9694 4009 9770 4479 0 1600
1 9694 4009 10101 3602 9604 3512 1 1600
1 10101 3602 10507 3196 10597 3692 0 1600
1 10507 3196 10900 2803 10431 2727 1 1600
1 10900 2803 11307 2397 11397 2893 0 1600
1 11307 2397 11700 2003 11231 1927 1 500
1 11700 2003 12094 2397 12170 1927 1 1600
1 12094 2397 12500 2803 12003 2893 0 1600
1 12500 2803 12893 3196 12969 2727 1 1600
1 12893 3196 13299 3602 12803 3692 0 1600
1 13299 3602 13706 4009 13796 3512 1 1600
1 13706 4009 14100 4403 13630 4479 0 1600
1 14100 4403 14506 4808 14596 4312 1 1600
1 14506 4808 14900 5203 14429 5279 0 1600
1 14900 5203 15293 5596 15369 5126 1 1600
1 15293 5596 15699 6002 15202 6092 0 1600
1 15699 6002 16093 6396 16169 5926 1 1600
1 16093 6396 16499 6802 16002 6892 0 1600
1 16499 6802 16905 7208 16995 6711 1 1600
1 16905 7208 17299 7602 16829 7678 0 1600
1 17299 7602 17706 8008 17795 7512 1 1600
1 17706 8008 18099 8401 17629 8478 0 1600
1 18099 8401 18493 8796 18569 8326 1 1600
1 18493 8796 18899 9202 18402 9291 0 1600
1 18899 9202 19293 9595 19369 9125 1 1600
1 19293 9595 19699 10002 19202 10092 0 1100
1 19699 10002 19293 10408 19202 9911 0 1600
1 19293 10408 18899 10801 19369 10877 1 1600
1 18899 10801 18493 11208 18402 10711 0 1600
1 18493 11208 18099 11601 18569 11678 1 1600
1 18099 11601 17706 11995 17629 11525 0 1600
1 17706 11995 17299 12401 17795 12491 1 1600
1 17299 12401 16905 12794 16829 12325 0 1600
1 16905 12794 16499 13201 16995 13291 1 1600
1 16499 13201 16093 13607 16002 13111 0 1600
1 16093 13607 15699 14000 16169 14077 1 1600
1 15699 14000 15293 14407 15202 13910 0 1600
1 15293 14407 14900 14801 15369 14877 1 1600
1 14900 14801 14506 15194 14429 14725 0 1600
1 14506 15194 14100 15601 14596 15691 1 1600
1 14100 15601 13706 15994 13630 15524 0 1600
1 13706 15994 13299 16400 13796 16490 1 1600
1 13299 16400 12893 16806 12803 16309 0 1600
1 12893 16806 12500 17200 12969 17276 1 1600
1 12500 17200 12094 17607 12003 17110 0 1600
1 12094 17607 11700 18000 12170 18076 1 1600
1 11700 18000 11307 18394 11231 17924 0 1600
1 11307 18394 10900 18799 11397 18889 1 1600
1 10900 18799 10507 19194 10431 18723 0 1600
1 10507 19194 10101 19600 10597 19690 1 1600
1 10101 19600 9694 20006 9604 19509 0 1600
1 9694 20006 9301 20400 9770 20476 1 1600
1 9301 20400 8895 20806 8804 20309 0 1600
1 8895 20806 8500 21199 8971 21275 1 1600
1 8500 21199 8107 21593 8031 21123 0 1600
1 8107 21593 7701 21999 8197 22089 1 1600
1 7701 21999 7307 22392 7231 21923 0 1600
1 7307 22392 6901 22799 7397 22889 1 1600
1 6901 22799 6495 23205 6404 22709 0 1600
1 6495 23205 6101 23599 6571 23675 1 1600
1 6101 23599 5695 24005 5604 23509 0 1600
1 5695 24005 5302 24399 5771 24475 1 500
1 5302 24399 4908 24005 4831 24475 1 1600
1 4908 24005 4502 23599 4997 23509 0 1600
1 4502 23599 4108 23205 4032 23675 1 1600
1 4108 23205 3701 22799 4198 22709 0 1600
1 3701 22799 3296 22392 3205 22889 1 1600
1 3296 22392 2902 21999 3372 21923 0 1600
1 2902 21999 2495 21593 2405 22089 1 1600
1 2495 21593 2102 21199 2571 21123 0 1200
1 2102 21199 2495 20806 2571 21275 0 1600
1 2495 20806 2902 20400 2405 20309 1 1600
1 2902 20400 3296 20006 3372 20476 0 1600
1 3296 20006 3701 19600 3205 19509 1 1600
1 3701 19600 4108 19194 4198 19690 0 1600
1 4108 19194 4502 18799 4032 18723 1 1600
1 4502 18799 4908 18394 4997 18889 0 1600
1 4908 18394 5302 18000 4831 17924 1 1600
1 5302 18000 5695 17607 5771 18076 0 1600
1 5695 17607 6101 17200 5604 17110 1 1600
1 6101 17200 6495 16806 6571 17276 0 1600
1 6495 16806 6901 16400 6404 16309 1 1600
1 6901 16400 7307 15994 7397 16490 0 1600
1 7307 15994 7701 15601 7231 15524 1 1600
1 7701 15601 8107 15194 8197 15691 0 1600
1 8107 15194 8500 14801 8031 14725 1 1600
1 8500 14801 8895 14407 8971 14877 0 1600
1 8895 14407 9301 14000 8804 13910 1 1600
1 9301 14000 9694 13607 9770 14077 0 1600
1 9694 13607 10101 13201 9604 13111 1 1600
1 10101 13201 10507 12794 10597 13291 0 1600
1 10507 12794 10900 12401 10431 12325 1 1600
1 10900 12401 11307 11995 11397 12491 0 1600
1 11307 11995 11700 11601 11231 11525 1 1600
1 11700 11601 12094 11208 12170 11678 0 1600
1 12094 11208 12500 10801 12003 10711 1 1600
1 12500 10801 12893 10408 12969 10877 0 1600
1 12893 10408 13299 10002 12803 9911 1 1600
1 13299 10002 13706 9595 13796 10092 0 1600
1 13706 9595 14100 9202 13630 9125 1 1600
1 14100 9202 14506 8796 14596 9291 0 1600
1 14506 8796 14900 8401 14429 8326 1 1600
1 14900 8401 15293 8008 15369 8478 0 1600
1 15293 8008 15699 7602 15202 7512 1 1600
1 15699 7602 16093 7208 16169 7678 0 1600
1 16093 7208 16499 6802 16002 6711 1 1600
1 16499 6802 16905 6396 16995 6892 0 1600
1 16905 6396 17299 6002 16829 5926 1 1600
1 17299 6002 17706 5596 17795 6092 0 1600
1 17706 5596 18099 5203 17629 5126 1 1600
1 18099 5203 18493 4808 18569 5279 0 1600
1 18493 4808 18899 4403 18402 4312 1 1600
1 18899 4403 19293 4009 19369 4479 0 1600
1 19293 4009 19699 3602 19202 3512 1 1100
1 19699 3602 19293 3196 19202 3692 1 1600
1 19293 3196 18899 2803 19369 2727 0 1600
1 18899 2803 18493 2397 18402 2893 1 1600
1 18493 2397 18099 2003 18569 1927 0 500
1 18099 2003 17706 2397 17629 1927 0 1600
1 17706 2397 17299 2803 17795 2893 1 1600
1 17299 2803 16905 3196 16829 2727 0 1600
1 16905 3196 16499 3602 16995 3692 1 1600
1 16499 3602 16093 4009 16002 3512 0 1600
1 16093 4009 15699 4403 16169 4479 1 1600
1 15699 4403 15293 4808 15202 4312 0 1600
1 15293 4808 14900 5203 15369 5279 1 1600
1 14900 5203 14506 5596 14429 5126 0 1600
1 14506 5596 14100 6002 14596 6092 1 1600
1 14100 6002 13706 6396 13630 5926 0 1600
1 13706 6396 13299 6802 13796 6892 1 1600
1 13299 6802 12893 7208 12803 6711 0 1600
1 12893 7208 12500 7602 12969 7678 1 1600
1 12500 7602 12094 8008 12003 7512 0 1600
1 12094 8008 11700 8401 12170 8478 1 1600
1 11700 8401 11307 8796 11231 8326 0 1600
1 11307 8796 10900 9202 11397 9291 1 1600
1 10900 9202 10507 9595 10431 9125 0 1600
1 10507 9595 10101 10002 10597 10092 1 1600
1 10101 10002 9694 10408 9604 9911 0 1600
1 9694 10408 9301 10801 9770 10877 1 1600
1 9301 10801 8895 11208 8804 10711 0 1600
1 8895 11208 8500 11601 8971 11678 1 1600
1 8500 11601 8107 11995 8031 11525 0 1600
1 8107 11995 7701 12401 8197 12491 1 1600
1 7701 12401 7307 12794 7231 12325 0 1600
1 7307 12794 6901 13201 7397 13291 1 1600
1 6901 13201 6495 13607 6404 13111 0 1600
1 6495 13607 6101 14000 6571 14077 1 1600
1 6101 14000 5695 14407 5604 13910 0 1600
1 5695 14407 5302 14801 5771 14877 1 1600
1 5302 14801 4908 15194 4831 14725 0 1600
1 4908 15194 4502 15601 4997 15691 1 1600
1 4502 15601 4108 15994 4032 15524 0 1600
1 4108 15994 3701 16400 4198 16490 1 1600
1 3701 16400 3296 16806 3205 16309 0 1600
1 3296 16806 2902 17200 3372 17276 1 1600
1 2902 17200 2495 17607 2405 17110 0 1600
1 2495 17607 2102 18000 2571 18076 1 1200
1 2102 18000 2495 18394 2571 17924 1 1600
1 2495 18394 2902 18799 2405 18889 0 1600
1 2902 18799 3296 19194 3372 18723 1 1600
1 3296 19194 3701 19600 3205 19690 0 1600
1 3701 19600 4108 20006 4198 19509 1 1600
1 4108 20006 4502 20400 4032 20476 0 1600
1 4502 20400 4908 20806 4997 20309 1 1600
1 4908 20806 5302 21199 4831 21275 0 1600
1 5302 21199 5695 21593 5771 21123 1 1600
1 5695 21593 6101 21999 5604 22089 0 1600
1 6101 21999 6495 22392 6571 21923 1 1600
1 6495 22392 6901 22799 6404 22889 0 1600
1 6901 22799 7307 23205 7397 22709 1 1600
1 7307 23205 7701 23599 7231 23675 0 1600
1 7701 23599 8107 24005 8197 23509 1 1600
1 8107 24005 8500 24399 8031 24475 0 500
1 8500 24399 8895 24005 8971 24475 0 1600
1 8895 24005 9301 23599 8804 23509 1 1600
1 9301 23599 9694 23205 9770 23675 0 1600
1 9694 23205 10101 22799 9604 22709 1 1600
1 10101 22799 10507 22392 10597 22889 0 1600
1 10507 22392 10900 21999 10431 21923 1 1600
1 10900 21999 11307 21593 11397 22089 0 1600
1 11307 21593 11700 21199 11231 21123 1 1600
1 11700 21199 12094 20806 12170 21275 0 1600
1 12094 20806 12500 20400 12003 20309 1 1600
1 12500 20400 12893 20006 12969 20476 0 1600
1 12893 20006 13299 19600 12803 19509 1 1600
1 13299 19600 13706 19194 13796 19690 0 1600
1 13706 19194 14100 18799 13630 18723 1 1600
1 14100 18799 14506 18394 14596 18889 0 1600
1 14506 18394 14900 18000 14429 17924 1 1600
1 14900 18000 15293 17607 15369 18076 0 1600
1 15293 17607 15699 17200 15202 17110 1 1600
1 15699 17200 16093 16806 16169 17276 0 1600
1 16093 16806 16499 16400 16002 16309 1 1600
1 16499 16400 16905 15994 16995 16490 0 1600
1 16905 15994 17299 15601 16829 15524 1 1600
1 17299 15601 17706 15194 17795 15691 0 1600
1 17706 15194 18099 14801 17629 14725 1 1600
1 18099 14801 18493 14407 18569 14877 0 1600
1 18493 14407 18899 14000 18402 13910 1 1600
1 18899 14000 19293 13607 19369 14077 0 1600
1 19293 13607 19699 13201 19202 13111 1 1100
1 19699 13201 19293 12794 19202 13291 1 1600
1 19293 12794 18899 12401 19369 12325 0 1600
1 18899 12401 18493 11995 18402 12491 1 1600
1 18493 11995 18099 11601 18569 11525 0 1600
1 18099 11601 17706 11208 17629 11678 1 1600
1 17706 11208 17299 10801 17795 10711 0 1600
1 17299 10801 16905 10408 16829 10877 1 1600
1 16905 10408 16499 10002 16995 9911 0 1600
1 16499 10002 16093 9595 16002 10092 1 1600
1 16093 9595 15699 9202 16169 9125 0 1600
1 15699 9202 15293 8796 15202 9291 1 1600
1 15293 8796 14900 8401 15369 8326 0 1600
1 14900 8401 14506 8008 14429 8478 1 1600
1 14506 8008 14100 7602 14596 7512 0 1600
1 14100 7602 13706 7208 13630 7678 1 1600
1 13706 7208 13299 6802 13796 6711 0 1600
1 13299 6802 12893 6396 12803 6892 1 1600
1 12893 6396 12500 6002 12969 5926 0 1600
1 12500 6002 12094 5596 12003 6092 1 1600
1 12094 5596 11700 5203 12170 5126 0 1600
1 11700 5203 11307 4808 11231 5279 1 1600
1 11307 4808 10900 4403 11397 4312 0 1600
1 10900 4403 10507 4009 10431 4479 1 1600
1 10507 4009 10101 3602 10597 3512 0 1600
1 10101 3602 9694 3196 9604 3692 1 1600
1 9694 3196 9301 2803 9770 2727 0 1600
1 9301 2803 8895 2397 8804 2893 1 1600
1 8895 2397 8500 2003 8971 1927 0 500
1 8500 2003 8107 2397 8031 1927 0 1600
1 8107 2397 7701 2803 8197 2893 1 1600
1 7701 2803 7307 3196 7231 2727 0 1600
1 7307 3196 6901 3602 7397 3692 1 1600
1 6901 3602 6495 4009 6404 3512 0 1600
1 6495 4009 6101 4403 6571 4479 1 1600
1 6101 4403 5695 4808 5604 4312 0 1600
1 5695 4808 5302 5203 5771 5279 1 1600
1 5302 5203 4908 5596 4831 5126 0 1600
1 4908 5596 4502 6002 4997 6092 1 1600
1 4502 6002 4108 6396 4032 5926 0 1600
1 4108 6396 3701 6802 4198 6892 1 1600
1 3701 6802 3296 7208 3205 6711 0 1600
1 3296 7208 2902 7602 3372 7678 1 1600
1 2902 7602 2495 8008 2405 7512 0 1600
1 2495 8008 2102 8401 2571 8478 1 1200
1 2102 8401 2495 8796 2571 8326 1 1600
1 2495 8796 2902 9202 2405 9291 0 1600
1 2902 9202 3296 9595 3372 9125 1 1600
1 3296 9595 3701 10002 3205 10092 0 1600
1 3701 10002 4108 10408 4198 9911 1 1600
1 4108 10408 4502 10801 4032 10877 0 1600
1 4502 10801 4908 11208 4997 10711 1 1600
1 4908 11208 5302 11601 4831 11678 0 1600
1 5302 11601 5695 11995 5771 11525 1 1600
1 5695 11995 6101 12401 5604 12491 0 1600
1 6101 12401 6495 12794 6571 12325 1 1600
1 6495 12794 6901 13201 6404 13291 0 1600
1 6901 13201 7307 13607 7397 13111 1 1600
1 7307 13607 7701 14000 7231 14077 0 1600
1 7701 14000 8107 14407 8197 13910 1 1600
1 8107 14407 8500 14801 8031 14877 0 1600
1 8500 14801 8895 15194 8971 14725 1 1600
1 8895 15194 9301 15601 8804 15691 0 1600
1 9301 15601 9694 15994 9770 15524 1 1600
1 9694 15994 10101 16400 9604 16490 0 1600
1 10101 16400 10507 16806 10597 16309 1 1600
1 10507 16806 10900 17200 10431 17276 0 1600
1 10900 17200 11307 17607 11397 17110 1 1600
1 11307 17607 11700 18000 11231 18076 0 1600
1 11700 18000 12094 18394 12170 17924 1 1600
1 12094 18394 12500 18799 12003 18889 0 1600
1 12500 18799 12893 19194 12969 18723 1 1600
1 12893 19194 13299 19600 12803 19690 0 1600
1 13299 19600 13706 20006 13796 19509 1 1600
1 13706 20006 14100 20400 13630 20476 0 1600
1 14100 20400 14506 20806 14596 20309 1 1600
1 14506 20806 14900 21199 14429 21275 0 1600
1 14900 21199 15293 21593 15369 21123 1 1600
1 15293 21593 15699 21999 15202 22089 0 1600
1 15699 21999 16093 22392 16169 21923 1 1600
1 16093 22392 16499 22799 16002 22889 0 1600
1 16499 22799 16905 23205 16995 22709 1 1600
1 16905 23205 17299 23599 16829 23675 0 1600
1 17299 23599 17706 24005 17795 23509 1 1600
1 17706 24005 18099 24399 17629 24475 0 500
1 18099 24399 18493 24005 18569 24475 0 1600
1 18493 24005 18899 23599 18402 23509 1 1600
1 18899 23599 19293 23205 19369 23675 0 1600
1 19293 23205 19699 22799 19202 22709 1 1100
1 19699 22799 19293 22392 19202 22889 1 1600
1 19293 22392 18899 21999 19369 21923 0 1600
1 18899 21999 18493 21593 18402 22089 1 1600
1 18493 21593 18099 21199 18569 21123 0 1600
1 18099 21199 17706 20806 17629 21275 1 1600
1 17706 20806 17299 20400 17795 20309 0 1600
1 17299 20400 16905 20006 16829 20476 1 1600
1 16905 20006 16499 19600 16995 19509 0 1600
1 16499 19600 16093 19194 16002 19690 1 1600
1 16093 19194 15699 18799 16169 18723 0 1600
1 15699 18799 15293 18394 15202 18889 1 1600
1 15293 18394 14900 18000 15369 17924 0 1600
1 14900 18000 14506 17607 14429 18076 1 1600
1 14506 17607 14100 17200 14596 17110 0 1600
1 14100 17200 13706 16806 13630 17276 1 1600
1 13706 16806 13299 16400 13796 16309 0 1600
1 13299 16400 12893 15994 12803 16490 1 1600
1 12893 15994 12500 15601 12969 15524 0 1600
1 12500 15601 12094 15194 12003 15691 1 1600
1 12094 15194 11700 14801 12170 14725 0 1600
1 11700 14801 11307 14407 11231 14877 1 1600
1 11307 14407 10900 14000 11397 13910 0 1600
1 10900 14000 10507 13607 10431 14077 1 1600
1 10507 13607 10101 13201 10597 13111 0 1600
1 10101 13201 9694 12794 9604 13291 1 1600
1 9694 12794 9301 12401 9770 12325 0 1600
1 9301 12401 8895 11995 8804 12491 1 1600
1 8895 11995 8500 11601 8971 11525 0 1600
1 8500 11601 8107 11208 8031 11678 1 1600
1 8107 11208 7701 10801 8197 10711 0 1600
1 7701 10801 7307 10408 7231 10877 1 1600
1 7307 10408 6901 10002 7397 9911 0 1600
1 6901 10002 6495 9595 6404 10092 1 1600
1 6495 9595 6101 9202 6571 9125 0 1600
1 6101 9202 5695 8796 5604 9291 1 1600
1 5695 8796 5302 8401 5771 8326 0 1600
1 5302 8401 4908 8008 4831 8478 1 1600
1 4908 8008 4502 7602 4997 7512 0 1600
1 4502 7602 4108 7208 4032 7678 1 1600
1 4108 7208 3701 6802 4198 6711 0 1600
1 3701 6802 3296 6396 3205 6892 1 1600
1 3296 6396 2902 6002 3372 5926 0 1600
1 2902 6002 2495 5596 2405 6092 1 1600
1 2495 5596 2102 5203 2571 5126 0 1200
1 2102 5203 2495 4808 2571 5279 0 1600
1 2495 4808 2902 4403 2405 4312 1 1600
1 2902 4403 3296 4009 3372 4479 0 1600
1 3296 4009 3701 3602 3205 3512 1 1600
1 3701 3602 4108 3196 4198 3692 0 1600
1 4108 3196 4502 2803 4032 2727 1 1600
1 4502 2803 4908 2397 4997 2893 0 1600
1 4908 2397 5302 2003 4831 1927 1 500
1 5302 2003 5695 2397 5771 1927 1 1600
1 5695 2397 6101 2803 5604 2893 0 1600
1 6101 2803 6495 3196 6571 2727 1 1600
1 6495 3196 6901 3602 6404 3692 0 1600
1 6901 3602 7307 4009 7397 3512 1 1600
1 7307 4009 7701 4403 7231 4479 0 1600
1 7701 4403 8107 4808 8197 4312 1 1600
1 8107 4808 8500 5203 8031 5279 0 1600
1 8500 5203 8895 5596 8971 5126 1 1600
1 8895 5596 9301 6002 8804 6092 0 1600
1 9301 6002 9694 6396 9770 5926 1 1600
1 9694 6396 10101 6802 9604 6892 0 1600
1 10101 6802 10507 7208 10597 6711 1 1600
1 10507 7208 10900 7602 10431 7678 0 1600
1 10900 7602 11307 8008 11397 7512 1 1600
1 11307 8008 11700 8401 11231 8478 0 1600
1 11700 8401 12094 8796 12170 8326 1 1600
1 12094 8796 12500 9202 12003 9291 0 1600
1 12500 9202 12893 9595 12969 9125 1 1600
1 12893 9595 13299 10002 12803 10092 0 1600
1 13299 10002 13706 10408 13796 9911 1 1600
1 13706 10408 14100 10801 13630 10877 0 1600
1 14100 10801 14506 11208 14596 10711 1 1600
1 14506 11208 14900 11601 14429 11678 0 1600
1 14900 11601 15293 11995 15369 11525 1 1600
1 15293 11995 15699 12401 15202 12491 0 1600
1 15699 12401 16093 12794 16169 12325 1 1600
1 16093 12794 16499 13201 16002 13291 0 1600
1 16499 13201 16905 13607 16995 13111 1 1600
1 16905 13607 17299 14000 16829 14077 0 1600
1 17299 14000 17706 14407 17795 13910 1 1600
1 17706 14407 18099 14801 17629 14877 0 1600
1 18099 14801 18493 15194 18569 14725 1 1600
1 18493 15194 18899 15601 18402 15691 0 1600
1 18899 15601 19293 15994 19369 15524 1 1600
1 19293 15994 19699 16400 19202 16490 0 1100
1 19699 16400 19293 16806 19202 16309 0 1600
1 19293 16806 18899 17200 19369 17276 1 1600
1 18899 17200 18493 17607 18402 17110 0 1600
1 18493 17607 18099 18000 18569 18076 1 1600
1 18099 18000 17706 18394 17629 17924 0 1600
1 17706 18394 17299 18799 17795 18889 1 1600
1 17299 18799 16905 19194 16829 18723 0 1600
1 16905 19194 16499 19600 16995 19690 1 1600
1 16499 19600 16093 20006 16002 19509 0 1600
1 16093 20006 15699 20400 16169 20476 1 1600
1 15699 20400 15293 20806 15202 20309 0 1600
1 15293 20806 14900 21199 15369 21275 1 1600
1 14900 21199 14506 21593 14429 21123 0 1600
1 14506 21593 14100 21999 14596 22089 1 1600
1 14100 21999 13706 22392 13630 21923 0 1600
1 13706 22392 13299 22799 13796 22889 1 1600
1 13299 22799 12893 23205 12803 22709 0 1600
1 12893 23205 12500 23599 12969 23675 1 1600
1 12500 23599 12094 24005 12003 23509 0 1600
1 12094 24005 11700 24399 12170 24475 1 500
1 11700 24399 11307 24005 11231 24475 1 1600
1 11307 24005 10900 23599 11397 23509 0 1600
1 10900 23599 10507 23205 10431 23675 1 1600
1 10507 23205 10101 22799 10597 22709 0 1600
1 10101 22799 9694 22392 9604 22889 1 1600
1 9694 22392 9301 21999 9770 21923 0 1600
1 9301 21999 8895 21593 8804 22089 1 1600
1 8895 21593 8500 21199 8971 21123 0 1600
1 8500 21199 8107 20806 8031 21275 1 1600
1 8107 20806 7701 20400 8197 20309 0 1600
1 7701 20400 7307 20006 7231 20476 1 1600
1 7307 20006 6901 19600 7397 19509 0 1600
1 6901 19600 6495 19194 6404 19690 1 1600
1 6495 19194 6101 18799 6571 18723 0 1600
1 6101 18799 5695 18394 5604 18889 1 1600
1 5695 18394 5302 18000 5771 17924 0 1600
1 5302 18000 4908 17607 4831 18076 1 1600
1 4908 17607 4502 17200 4997 17110 0 1600
1 4502 17200 4108 16806 4032 17276 1 1600
1 4108 16806 3701 16400 4198 16309 0 1600
1 3701 16400 3296 15994 3205 16490 1 1600
1 3296 15994 2902 15601 3372 15524 0 1600
1 2902 15601 2495 15194 2405 15691 1 1600
1 2495 15194 2102 14801 2571 14725 0 1200
1 2102 14801 2495 14407 2571 14877 0 1600
1 2495 14407 2902 14000 2405 13910 1 1600
1 2902 14000 3296 13607 3372 14077 0 1600
1 3296 13607 3701 13201 3205 13111 1 1600
1 3701 13201 4108 12794 4198 13291 0 1600
1 4108 12794 4502 12401 4032 12325 1 1600
1 4502 12401 4908 11995 4997 12491 0 1600
1 4908 11995 5302 11601 4831 11525 1 1600
1 5302 11601 5695 11208 5771 11678 0 1600
1 5695 11208 6101 10801 5604 10711 1 1600
1 6101 10801 6495 10408 6571 10877 0 1600
1 6495 10408 6901 10002 6404 9911 1 1600
1 6901 10002 7307 9595 7397 10092 0 1600
1 7307 9595 7701 9202 7231 9125 1 1600
1 7701 9202 8107 8796 8197 9291 0 1600
1 8107 8796 8500 8401 8031 8326 1 1600
1 8500 8401 8895 8008 8971 8478 0 1600
1 8895 8008 9301 7602 8804 7512 1 1600
1 9301 7602 9694 7208 9770 7678 0 1600
1 9694 7208 10101 6802 9604 6711 1 1600
1 10101 6802 10507 6396 10597 6892 0 1600
1 10507 6396 10900 6002 10431 5926 1 1600
1 10900 6002 11307 5596 11397 6092 0 1600
1 11307 5596 11700 5203 11231 5126 1 1600
1 11700 5203 12094 4808 12170 5279 0 1600
1 12094 4808 12500 4403 12003 4312 1 1600
1 12500 4403 12893 4009 12969 4479 0 1600
1 12893 4009 13299 3602 12803 3512 1 1600
1 13299 3602 13706 3196 13796 3692 0 1600
1 13706 3196 14100 2803 13630 2727 1 1600
1 14100 2803 14506 2397 14596 2893 0 1600
1 14506 2397 14900 2003 14429 1927 1 500
1 14900 2003 15293 2397 15369 1927 1 1600
1 15293 2397 15699 2803 15202 2893 0 1600
1 15699 2803 16093 3196 16169 2727 1 1600
1 16093 3196 16499 3602 16002 3692 0 1600
1 16499 3602 16905 4009 16995 3512 1 1600
1 16905 4009 17299 4403 16829 4479 0 1600
1 17299 4403 17706 4808 17795 4312 1 1600
1 17706 4808 18099 5203 17629 5279 0 1600
1 18099 5203 18493 5596 18569 5126 1 1600
1 18493 5596 18899 6002 18402 6092 0 1600
1 18899 6002 19293 6396 19369 5926 1 1600
1 19293 6396 19699 6802 19202 6892 0 1100
1 19699 6802 19293 7208 19202 6711 0 1600
1 19293 7208 18899 7602 19369 7678 1 1600
1 18899 7602 18493 8008 18402 7512 0 1600
1 18493 8008 18099 8401 18569 8478 1 1600
1 18099 8401 17706 8796 17629 8326 0 1600
1 17706 8796 17299 9202 17795 9291 1 1600
1 17299 9202 16905 9595 16829 9125 0 1600
1 16905 9595 16499 10002 16995 10092 1 1600
1 16499 10002 16093 10408 16002 9911 0 1600
1 16093 10408 15699 10801 16169 10877 1 1600
1 15699 10801 15293 11208 15202 10711 0 1600
1 15293 11208 14900 11601 15369 11678 1 1600
1 14900 11601 14506 11995 14429 11525 0 1600
1 14506 11995 14100 12401 14596 12491 1 1600
1 14100 12401 13706 12794 13630 12325 0 1600
1 13706 12794 13299 13201 13796 13291 1 1600
1 13299 13201 12893 13607 12803 13111 0 1600
1 12893 13607 12500 14000 12969 14077 1 1600
1 12500 14000 12094 14407 12003 13910 0 1600
1 12094 14407 11700 14801 12170 14877 1 1600
1 11700 14801 11307 15194 11231 14725 0 1600
1 11307 15194 10900 15601 11397 15691 1 1600
1 10900 15601 10507 15994 10431 15524 0 1600
1 10507 15994 10101 16400 10597 16490 1 1600
1 10101 16400 9694 16806 9604 16309 0 1600
1 9694 16806 9301 17200 9770 17276 1 1600
1 9301 17200 8895 17607 8804 17110 0 1600
1 8895 17607 8500 18000 8971 18076 1 1600
1 8500 18000 8107 18394 8031 17924 0 1600
1 8107 18394 7701 18799 8197 18889 1 1600
1 7701 18799 7307 19194 7231 18723 0 1600
1 7307 19194 6901 19600 7397 19690 1 1600
1 6901 19600 6495 20006 6404 19509 0 1600
1 6495 20006 6101 20400 6571 20476 1 1600
1 6101 20400 5695 20806 5604 20309 0 1600
1 5695 20806 5302 21199 5771 21275 1 1600
1 5302 21199 4908 21593 4831 21123 0 1600
1 4908 21593 4502 21999 4997 22089 1 1600
1 4502 21999 4108 22392 4032 21923 0 1600
1 4108 22392 3701 22799 4198 22889 1 1600
1 3701 22799 3296 23205 3205 22709 0 1600
1 3296 23205 2902 23599 3372 23675 1 1600
1 2902 23599 2495 24005 2405 23509 0 1600
1 2495 24005 2135 24285 2571 24475 1 500
1 2135 24285 2101 24399 2571 24475 1 300
2 2101 24399 988 24250 0 0 0 500
1 988 24250 929 24145 1393 23951 0 300
1 929 24145 988 23652 1393 23951 0 1600
1 988 23652 988 23052 583 23352 1 1600
1 988 23052 988 22453 1393 22753 0 1600
1 988 22453 988 21853 583 22153 1 1600
1 988 21853 988 21254 1393 21554 0 1600
1 988 21254 988 20654 583 20954 1 1600
1 988 20654 988 20055 1393 20355 0 1600
1 988 20055 988 19455 583 19755 1 1600
1 988 19455 988 18856 1393 19156 0 1600
1 988 18856 988 18256 583 18556 1 1600
1 988 18256 988 17657 1393 17957 0 1600
1 988 17657 988 17057 583 17357 1 1600
1 988 17057 988 16458 1393 16758 0 1600
1 988 16458 988 15858 583 16158 1 1600
1 988 15858 988 15259 1393 15559 0 1600
1 988 15259 988 14659 583 14959 1 1600
1 988 14659 988 14060 1393 14360 0 1600
1 988 14060 988 13460 583 13760 1 1600
1 988 13460 988 12861 1393 13161 0 1600
1 988 12861 988 12261 583 12561 1 1600
1 988 12261 988 11662 1393 11962 0 1600
1 988 11662 988 11062 583 11362 1 1600
1 988 11062 988 10463 1393 10763 0 1600
1 988 10463 988 9863 583 10163 1 1600
1 988 9863 988 9264 1393 9564 0 1600
1 988 9264 988 8664 583 8964 1 1600
1 988 8664 988 8065 1393 8365 0 1600
1 988 8065 988 7465 583 7765 1 1600
1 988 7465 988 6866 1393 7166 0 1600
1 988 6866 988 6266 583 6566 1 1600
1 988 6266 988 5667 1393 5967 0 1600
1 988 5667 988 5067 583 5367 1 1600
1 988 5067 988 4468 1393 4768 0 1600
1 988 4468 988 3868 583 4168 1 1600
1 988 3868 988 3269 1393 3569 0 1600
1 988 3269 988 2669 583 2969 1 1600
1 988 2669 988 2070 1393 2370 0 1600
1 988 2070 988 1470 583 1770 1 1600
1 988 1470 1603 870 1306 1180 0 1600
1 1603 870 2203 868 1902 466 1 1600
1 2203 868 2802 870 2501 1272 0 1600
1 2802 870 3402 868 3101 466 1 1600
1 3402 868 4001 870 3700 1272 0 1600
1 4001 870 4601 868 4300 466 1 1600
1 4601 868 5200 870 4899 1272 0 1600
1 5200 870 5800 868 5499 466 1 1600
1 5800 868 6399 870 6098 1272 0 1600
1 6399 870 6999 868 6698 466 1 1600
1 6999 868 7598 870 7297 1272 0 1600
1 7598 870 8198 868 7897 466 1 1600
1 8198 868 8797 870 8496 1272 0 1600
1 8797 870 9397 868 9096 466 1 1600
1 9397 868 9996 870 9695 1272 0 1600
1 9996 870 10596 868 10295 466 1 1600
1 10596 868 11195 870 10894 1272 0 1600
1 11195 870 11795 868 11494 466 1 1600
1 11795 868 12394 870 12093 1272 0 1600
1 12394 870 12994 868 12693 466 1 1600
1 12994 868 13593 870 13292 1272 0 1600
1 13593 870 14193 868 13892 466 1 1600
1 14193 868 14792 870 14491 1272 0 1600
1 14792 870 15392 868 15091 466 1 1600
1 15392 868 15991 870 15690 1272 0 1600
1 15991 870 16591 868 16290 466 1 1600
1 16591 868 17190 870 16889 1272 0 1600
1 17190 870 17790 868 17489 466 1 1600
1 17790 868 18389 870 18088 1272 0 1600
1 18389 870 18989 868 18688 466 1 1600
1 18989 868 19588 870 19287 1272 0 1600
1 19588 870 20188 868 19887 466 1 1600
1 20188 868 20787 1470 20481 1176 0 1600
1 20787 1470 20787 2070 21192 1770 1 1600
1 20787 2070 20787 2669 20382 2369 0 1600
1 20787 2669 20787 3269 21192 2969 1 1600
1 20787 3269 20787 3868 20382 3568 0 1600
1 20787 3868 20787 4468 21192 4168 1 1600
1 20787 4468 20787 5067 20382 4767 0 1600
1 20787 5067 20787 5667 21192 5367 1 1600
1 20787 5667 20787 6266 20382 5966 0 1600
1 20787 6266 20787 6866 21192 6566 1 1600
1 20787 6866 20787 7465 20382 7165 0 1600
1 20787 7465 20787 8065 21192 7765 1 1600
1 20787 8065 20787 8664 20382 8364 0 1600
1 20787 8664 20787 9264 21192 8964 1 1600
1 20787 9264 20787 9863 20382 9563 0 1600
1 20787 9863 20787 10463 21192 10163 1 1600
1 20787 10463 20787 11062 20382 10762 0 1600
1 20787 11062 20787 11662 21192 11362 1 1600
1 20787 11662 20787 12261 20382 11961 0 1600
1 20787 12261 20787 12861 21192 12561 1 1600
1 20787 12861 20787 13460 20382 13160 0 1600
1 20787 13460 20787 14060 21192 13760 1 1600
1 20787 14060 20787 14659 20382 14359 0 1600
1 20787 14659 20787 15259 21192 14959 1 1600
1 20787 15259 20787 15858 20382 15558 0 1600
1 20787 15858 20787 16458 21192 16158 1 1600
1 20787 16458 20787 17057 20382 16757 0 1600
1 20787 17057 20787 17657 21192 17357 1 1600
1 20787 17657 20787 18256 20382 17956 0 1600
1 20787 18256 20787 18856 21192 18556 1 1600
1 20787 18856 20787 19455 20382 19155 0 1600
1 20787 19455 20787 20055 21192 19755 1 1600
1 20787 20055 20787 20654 20382 20354 0 1600
1 20787 20654 20787 21254 21192 20954 1 1600
1 20787 21254 20787 21853 20382 21553 0 1600
1 20787 21853 20787 22453 21192 22153 1 1600
1 20787 22453 20787 23052 20382 22752 0 1600
1 20787 23052 20787 23652 21192 23352 1 1600
1 20787 23652 20787 24251 20382 23951 0 1600
1 20787 24251 20787 24851 21192 24551 1 1600
1 20787 24851 20186 25450 20476 25140 0 1600
1 20186 25450 19586 25450 19886 25846 1 1600
1 19586 25450 18987 25450 19287 25054 0 1600
1 18987 25450 18387 25450 18687 25846 1 1600
1 18387 25450 17788 25450 18088 25054 0 1600
1 17788 25450 17188 25450 17488 25846 1 1600
1 17188 25450 16589 25450 16889 25054 0 1600
1 16589 25450 15989 25450 16289 25846 1 1600
1 15989 25450 15390 25450 15690 25054 0 1600
1 15390 25450 14790 25450 15090 25846 1 1600
1 14790 25450 14191 25450 14491 25054 0 1600
1 14191 25450 13591 25450 13891 25846 1 1600
1 13591 25450 12992 25450 13292 25054 0 1600
1 12992 25450 12392 25450 12692 25846 1 1600
1 12392 25450 11793 25450 12093 25054 0 1600
1 11793 25450 11193 25450 11493 25846 1 1600
1 11193 25450 10594 25450 10894 25054 0 1600
1 10594 25450 9994 25450 10294 25846 1 1600
1 9994 25450 9395 25450 9695 25054 0 1600
1 9395 25450 8795 25450 9095 25846 1 1600
1 8795 25450 8196 25450 8496 25054 0 1600
1 8196 25450 7596 25450 7896 25846 1 1600
1 7596 25450 6997 25450 7297 25054 0 1600
1 6997 25450 6397 25450 6697 25846 1 1600
1 6397 25450 5798 25450 6098 25054 0 1600
1 5798 25450 5198 25450 5498 25846 1 1600
1 5198 25450 4599 25450 4899 25054 0 1600
1 4599 25450 3999 25450 4299 25846 1 1600
1 3999 25450 3400 25450 3700 25054 0 1600
1 3400 25450 2800 25450 3100 25846 1 1600
1 2800 25450 2201 25450 2501 25054 0 1600
1 2201 25450 1601 25450 1901 25846 1 1600
1 1601 25450 988 24850 1321 25123 0 1600
1 988 24850 1047 24354 583 24550 1 500
1 1047 24354 988 24250 583 24550 1 300
-1 988 24250 0 0 0 0 0 0
